0 0 0.94143796
200 0.5 0.9378432
400 1 0.93616664
600 1.5 0.93584096
800 2 0.9356708
1000 2.5 0.9356462
1200 3 0.93587005
1400 3.5 0.93663836
1600 4 0.93764615
1800 4.5 0.93887204
2000 5 0.9410017
2200 5.5 0.9433521
2400 6 0.9464976
2600 6.5 0.951515
2800 7 0.9592879
3000 7.5 0.9782347
3200 8 1.0507514
3400 8.5 1.1013589
3600 9 1.0675305
3800 9.5 0.94705474
4000 10 0.91386557
4200 10.5 0.8962403
4400 11 0.8936338
4600 11.5 0.8936021
4800 12 0.8937202
5000 12.5 0.89382666
5200 13 0.8939956
5400 13.5 0.8941443
5600 14 0.89432544
5800 14.5 0.8944053
6000 15 0.89477515
6200 15.5 0.8950322
6400 16 0.89520484
6600 16.5 0.8953794
6800 17 0.895481
7000 17.5 0.89570194
7200 18 0.8959221
7400 18.5 0.89618874
7600 19 0.896543
7800 19.5 0.8968856
8000 20 0.89719534
8200 20.5 0.8975108
8400 21 0.8978428
8600 21.5 0.89815634
8800 22 0.89842564
9000 22.5 0.8986236
9200 23 0.898816
9400 23.5 0.8989471
9600 24 0.8990465
9800 24.5 0.8991954
10000 25 0.8993966
10000 25.5 0.899608
9800 26 0.8992545
9600 26.5 0.8987276
9400 27 0.89813924
9200 27.5 0.8976048
9000 28 0.8970679
8800 28.5 0.8965528
8600 29 0.89591163
8400 29.5 0.8954556
8200 30 0.8949888
8000 30.5 0.89444286
7800 31 0.8939055
7600 31.5 0.8933237
7400 32 0.8929282
7200 32.5 0.9255725
7000 33 1.0507641
6800 33.5 0.97705257
6600 34 0.9422854
6400 34.5 0.92991513
6200 35 0.9248506
6000 35.5 0.92120016
5800 36 0.9183634
5600 36.5 0.9161546
5400 37 0.9143675
5200 37.5 0.91282696
5000 38 0.9111536
4800 38.5 0.9097136
4600 39 0.9083887
4400 39.5 0.9070761
4200 40 0.9080261
4000 40.5 0.94624054
3800 41 0.9925752
3600 41.5 0.9686242
3400 42 0.9409167
3200 42.5 0.93020195
3000 43 0.92523825
2800 43.5 0.92233396
2600 44 0.92061174
2400 44.5 0.9182999
2200 45 0.9162291
2000 45.5 0.91372734
1800 46 0.9125115
1600 46.5 0.924582
1400 47 0.9573518
1200 47.5 0.9518212
1000 48 0.93870527
800 48.5 0.9323365
600 49 0.9281885
400 49.5 0.92546487
200 50 0.9229116
0 50.5 0.920517
0 51 0.91885024
200 51.5 0.9187904
400 52 0.91868156
600 52.5 0.9189701
800 53 0.91908705
1000 53.5 0.91972136
1200 54 0.9203681
1400 54.5 0.9201012
1600 55 0.920497
1800 55.5 0.92043597
2000 56 0.920893
2200 56.5 0.92117035
2400 57 0.92151535
2600 57.5 0.9220971
2800 58 0.92209834
3000 58.5 0.92306197
3200 59 0.9242722
3400 59.5 0.9251162
3600 60 0.9261995
3800 60.5 0.92690283
4000 61 0.92780596
4200 61.5 0.92937994
4400 62 0.9304339
4600 62.5 0.93220615
4800 63 0.9334874
5000 63.5 0.9347655
5200 64 0.9362267
5400 64.5 0.9385002
5600 65 0.94143283
5800 65.5 0.9462269
6000 66 0.9542441
6200 66.5 0.96840006
6400 67 0.9780184
6600 67.5 0.97124434
6800 68 0.95458245
7000 68.5 0.9301805
7200 69 0.9110606
7400 69.5 0.90732956
7600 70 0.90734226
7800 70.5 0.9074287
8000 71 0.90764135
8200 71.5 0.90778244
8400 72 0.9078091
8600 72.5 0.90789795
8800 73 0.9079255
9000 73.5 0.9079914
9200 74 0.90803784
9400 74.5 0.90812206
9600 75 0.9083074
9800 75.5 0.90861547
10000 76 0.9089612
10000 76.5 0.90922433
9800 77 0.90873146
9600 77.5 0.90783834
9400 78 0.90670186
9200 78.5 0.90581244
9000 79 0.90504634
8800 79.5 0.92661744
8600 80 0.9766033
8400 80.5 0.9557175
8200 81 0.93649286
8000 81.5 0.92831403
7800 82 0.92307955
7600 82.5 0.9191437
7400 83 0.91632897
7200 83.5 0.91347396
7000 84 0.91168094
6800 84.5 0.91000515
6600 85 0.90857935
6400 85.5 0.91728795
6200 86 0.9664733
6000 86.5 0.9571792
5800 87 0.93985033
5600 87.5 0.93187755
5400 88 0.9268179
5200 88.5 0.9230073
5000 89 0.91947865
4800 89.5 0.9172975
4600 90 0.91543615
4400 90.5 0.9137977
4200 91 0.9124495
4000 91.5 0.9141146
3800 92 0.94708824
3600 92.5 0.9676305
3400 93 0.9463582
3200 93.5 0.93653727
3000 94 0.9310311
2800 94.5 0.92698807
2600 95 0.92441744
2400 95.5 0.9220424
2200 96 0.92022914
2000 96.5 0.9190487
1800 97 0.9192323
1600 97.5 0.91767955
1400 98 0.91584116
1200 98.5 0.94567853
1000 99 0.9676222
800 99.5 0.9512265
600 100 0.9397199
400 100.5 0.93430626
200 101 0.9305528
0 101.5 0.9275552
0 102 0.92513156
200 102.5 0.9246599
400 103 0.92489403
600 103.5 0.92538816
800 104 0.92604905
1000 104.5 0.9273755
1200 105 0.9289781
1400 105.5 0.93037534
1600 106 0.9312796
1800 106.5 0.9303497
2000 107 0.92992806
2200 107.5 0.92976767
2400 108 0.9303204
2600 108.5 0.9312479
2800 109 0.9318673
3000 109.5 0.93311924
3200 110 0.93460953
3400 110.5 0.9358434
3600 111 0.93731266
3800 111.5 0.9382834
4000 112 0.94129103
4200 112.5 0.94500566
4400 113 0.9508329
4600 113.5 0.9621651
4800 114 0.9747107
5000 114.5 0.9697209
5200 115 0.94840634
5400 115.5 0.9253789
5600 116 0.9125059
5800 116.5 0.91049147
6000 117 0.91030985
6200 117.5 0.9100132
6400 118 0.90987915
6600 118.5 0.9102168
6800 119 0.91027784
7000 119.5 0.9101675
7200 120 0.91042995
7400 120.5 0.9106656
7600 121 0.9109839
7800 121.5 0.91121435
8000 122 0.91165215
8200 122.5 0.9120901
8400 123 0.9127178
8600 123.5 0.9133145
8800 124 0.91395414
9000 124.5 0.91483945
9200 125 0.9156737
9400 125.5 0.916826
9600 126 0.91798913
9800 126.5 0.9195221
10000 127 0.9215466
10000 127.5 0.9231069
9800 128 0.92184514
9600 128.5 0.9193893
9400 129 0.91685265
9200 129.5 0.9144171
9000 130 0.9124195
8800 130.5 0.9104314
8600 131 0.90910983
8400 131.5 0.9079187
8200 132 0.90652585
8000 132.5 0.92142326
7800 133 0.972959
7600 133.5 1.0273472
7400 134 0.96321225
7200 134.5 0.9396904
7000 135 0.9302818
6800 135.5 0.9242507
6600 136 0.92006046
6400 136.5 0.91705334
6200 137 0.9147723
6000 137.5 0.9126238
5800 138 0.91096807
5600 138.5 0.9094995
5400 139 0.90805197
5200 139.5 0.90697044
5000 140 0.906008
4800 140.5 0.9052905
4600 141 0.9048141
4400 141.5 0.9040087
4200 142 0.90323454
4000 142.5 0.9020988
3800 143 0.9013375
3600 143.5 0.9007457
3400 144 0.9002601
3200 144.5 0.89956015
3000 145 0.89919174
2800 145.5 0.89868146
2600 146 0.89793855
2400 146.5 0.8970186
2200 147 0.89647025
2000 147.5 0.89619195
1800 148 0.9215537
1600 148.5 1.0517939
1400 149 1.0262239
1200 149.5 0.96602774
1000 150 0.9467154
800 150.5 0.9382734
600 151 0.93296176
400 151.5 0.92906624
200 152 0.9260762
0 152.5 0.92341405
0 153 0.9213366
200 153.5 0.92121965
400 154 0.9213295
600 154.5 0.9215205
800 155 0.9220014
1000 155.5 0.9228935
1200 156 0.92235935
1400 156.5 0.921873
1600 157 0.922445
1800 157.5 0.9233515
2000 158 0.9239895
2200 158.5 0.924206
2400 159 0.9245366
2600 159.5 0.925042
2800 160 0.92527175
3000 160.5 0.925657
3200 161 0.9259958
3400 161.5 0.9260388
3600 162 0.9267346
3800 162.5 0.9277036
4000 163 0.92856497
4200 163.5 0.9293536
4400 164 0.9299317
4600 164.5 0.9307921
4800 165 0.9325296
5000 165.5 0.9343031
5200 166 0.93647426
5400 166.5 0.93960494
5600 167 0.9423438
5800 167.5 0.94617414
6000 168 0.95093083
6200 168.5 0.9586511
6400 169 0.97187376
6600 169.5 0.9990324
6800 170 1.0537974
7000 170.5 1.1101913
7200 171 1.1268889
7400 171.5 1.0104498
7600 172 0.9377385
7800 172.5 0.9101548
8000 173 0.9052502
8200 173.5 0.9004383
8400 174 0.8952864
8600 174.5 0.8938855
8800 175 0.8935413
9000 175.5 0.89350146
9200 176 0.89369434
9400 176.5 0.893833
9600 177 0.8939902
9800 177.5 0.894261
10000 178 0.8945027
10000 178.5 0.89474463
9800 179 0.8945227
9600 179.5 0.894085
9400 180 0.89366627
9200 180.5 0.900722
9000 181 1.0010782
8800 181.5 1.0588353
8600 182 0.97013056
8400 182.5 0.94620293
8200 183 0.937238
8000 183.5 0.9329022
7800 184 0.930064
7600 184.5 0.9278611
7400 185 0.9257803
7200 185.5 0.9226655
7000 186 0.9204594
6800 186.5 0.91832143
6600 187 0.9165028
6400 187.5 0.91489875
6200 188 0.9134622
6000 188.5 0.91190064
5800 189 0.9103997
5600 189.5 0.90901464
5400 190 0.9077629
5200 190.5 0.9065605
5000 191 0.90542036
4800 191.5 0.90560323
4600 192 0.939988
4400 192.5 1.0306761
4200 193 1.0276495
4000 193.5 0.96634877
3800 194 0.9467894
3600 194.5 0.9372438
3400 195 0.9314049
3200 195.5 0.9275474
3000 196 0.92435324
2800 196.5 0.9214731
2600 197 0.9188358
2400 197.5 0.91689736
2200 198 0.9154032
2000 198.5 0.91431624
1800 199 0.93373525
1600 199.5 1.0064541
1400 200 1.0159211
1200 200.5 0.96550256
1000 201 0.9475438
800 201.5 0.9389963
600 202 0.933556
400 202.5 0.92951274
200 203 0.92775196
0 203.5 0.9264724
0 204 0.9236357
200 204.5 0.92246675
400 205 0.9221264
600 205.5 0.92180485
800 206 0.9218124
1000 206.5 0.9220309
1200 207 0.9224882
1400 207.5 0.9231328
1600 208 0.9239255
1800 208.5 0.9245476
2000 209 0.92549855
2200 209.5 0.9262603
2400 210 0.92599195
2600 210.5 0.92629004
2800 211 0.92645097
3000 211.5 0.9271778
3200 212 0.9281258
3400 212.5 0.92899615
3600 213 0.929992
3800 213.5 0.93124664
4000 214 0.93259484
4200 214.5 0.93429947
4400 215 0.9364633
4600 215.5 0.93927926
4800 216 0.9435015
5000 216.5 0.9486449
5200 217 0.95501
5400 217.5 0.95943266
5600 218 0.96451694
5800 218.5 0.9881516
6000 219 1.0490273
6200 219.5 1.073564
6400 220 0.98412246
6600 220.5 0.9383684
6800 221 0.916556
7000 221.5 0.911115
7200 222 0.9103992
7400 222.5 0.911135
7600 223 0.91213214
7800 223.5 0.91245586
8000 224 0.9125254
8200 224.5 0.91255206
8400 225 0.91270685
8600 225.5 0.91291535
8800 226 0.9135606
9000 226.5 0.9149842
9200 227 0.9168692
9400 227.5 0.91817176
9600 228 0.91843957
9800 228.5 0.9186537
10000 229 0.9189159
10000 229.5 0.91915077
9800 230 0.9181503
9600 230.5 0.9167628
9400 231 0.91543806
9200 231.5 0.91429234
9000 232 0.91334015
8800 232.5 0.91238016
8600 233 0.91112673
8400 233.5 0.914711
8200 234 0.97663164
8000 234.5 1.0164917
7800 235 0.96851504
7600 235.5 0.9446277
7400 236 0.93532145
7200 236.5 0.9296009
7000 237 0.92505515
6800 237.5 0.9208471
6600 238 0.9174842
6400 238.5 0.91553354
6200 239 0.91410404
6000 239.5 0.912772
5800 240 0.91178644
5600 240.5 0.9110369
5400 241 0.9364992
5200 241.5 0.9944993
5000 242 1.0185605
4800 242.5 0.9626788
4600 243 0.9432176
4400 243.5 0.93480337
4200 244 0.929731
4000 244.5 0.92622167
3800 245 0.9224997
3600 245.5 0.9197189
3400 246 0.91676307
3200 246.5 0.9408904
3000 247 1.0268233
2800 247.5 1.0117366
2600 248 0.9609009
2400 248.5 0.9439612
2200 249 0.93512565
2000 249.5 0.92920244
1800 250 0.9257036
1600 250.5 0.92182297
1400 251 0.9192333
1200 251.5 0.91735435
1000 252 0.9158258
800 252.5 0.92216843
600 253 0.9821869
400 253.5 1.0596524
200 254 0.985476
0 254.5 0.95560056
0 255 0.9428445
200 255.5 0.940612
400 256 0.9402331
600 256.5 0.939822
800 257 0.9382883
1000 257.5 0.9373869
1200 258 0.93660516
1400 258.5 0.93589056
1600 259 0.9359169
1800 259.5 0.9355895
2000 260 0.9356603
2200 260.5 0.93604386
2400 261 0.93647087
2600 261.5 0.9375414
2800 262 0.93898875
3000 262.5 0.940417
3200 263 0.9426431
3400 263.5 0.9462015
3600 264 0.95198333
3800 264.5 0.9589424
4000 265 0.96528137
4200 265.5 0.974833
4400 266 0.9871845
4600 266.5 1.0132301
4800 267 1.05289
5000 267.5 1.0978268
5200 268 1.119374
5400 268.5 1.0456378
5600 269 0.9662233
5800 269.5 0.92603785
6000 270 0.91607064
6200 270.5 0.9118094
6400 271 0.9082947
6600 271.5 0.90762496
6800 272 0.907872
7000 272.5 0.9086692
7200 273 0.90960085
7400 273.5 0.9100618
7600 274 0.91035134
7800 274.5 0.91046584
8000 275 0.91055495
8200 275.5 0.9108098
8400 276 0.9113677
8600 276.5 0.9117698
8800 277 0.91233087
9000 277.5 0.9138228
9200 278 0.91624695
9400 278.5 0.91783047
9600 279 0.9187467
9800 279.5 0.9200077
10000 280 0.9221728
10000 280.5 0.9269082
9800 281 0.9273606
9600 281.5 0.9251555
9400 282 0.9225588
9200 282.5 0.9208698
9000 283 0.9194479
8800 283.5 0.91827476
8600 284 0.91701597
8400 284.5 0.91549253
8200 285 0.9141724
8000 285.5 0.9130169
7800 286 0.9267085
7600 286.5 0.99038625
7400 287 1.0525879
7200 287.5 0.9805765
7000 288 0.95176435
6800 288.5 0.9399912
6600 289 0.9331554
6400 289.5 0.9286673
6200 290 0.92523485
6000 290.5 0.9226037
5800 291 0.9206913
5600 291.5 0.9188754
5400 292 0.91647494
5200 292.5 0.9138719
5000 293 0.9117859
4800 293.5 0.9106389
4600 294 0.91061133
4400 294.5 0.94172996
4200 295 1.0077093
4000 295.5 1.0647631
3800 296 0.9896372
3600 296.5 0.9608113
3400 297 0.94900864
3200 297.5 0.94225097
3000 298 0.93606585
2800 298.5 0.9292051
2600 299 0.9252275
2400 299.5 0.92234784
2200 300 0.9204438
2000 300.5 0.9187921
1800 301 0.9177367
1600 301.5 0.9165089
1400 302 0.91480964
1200 302.5 0.91367
1000 303 0.92293036
800 303.5 0.95683986
600 304 1.0529983
400 304.5 1.0346013
200 305 0.9736809
0 305.5 0.9519843
0 306 0.9423892
200 306.5 0.9407214
400 307 0.9417551
600 307.5 0.94427687
800 308 0.94602203
1000 308.5 0.94732434
1200 309 0.94841856
1400 309.5 0.94832313
1600 310 0.94794273
1800 310.5 0.946721
2000 311 0.94599277
2200 311.5 0.9454124
2400 312 0.94424933
2600 312.5 0.9428877
2800 313 0.94133717
3000 313.5 0.9403369
3200 314 0.9400559
3400 314.5 0.9393891
3600 315 0.94205153
3800 315.5 0.94689316
4000 316 0.9501283
4200 316.5 0.95213616
4400 317 0.9532043
4600 317.5 0.95422626
4800 318 0.95470697
5000 318.5 0.9550466
5200 319 0.9554165
5400 319.5 0.9550163
5600 320 0.9546933
5800 320.5 0.9544809
6000 321 0.95489764
6200 321.5 0.9586199
6400 322 0.9693991
6600 322.5 0.98866624
6800 323 1.0187497
7000 323.5 1.052634
7200 324 1.0955861
7400 324.5 1.1180147
7600 325 1.1274357
7800 325.5 1.0864761
8000 326 1.009265
8200 326.5 0.97321117
8400 327 0.9398982
8600 327.5 0.92682666
8800 328 0.9117713
9000 328.5 0.90884596
9200 329 0.90901464
9400 329.5 0.9092771
9600 330 0.9091599
9800 330.5 0.9087612
10000 331 0.90830636
10000 331.5 0.9092373
9800 332 0.90858614
9600 332.5 0.90745336
9400 333 0.91251594
9200 333.5 0.98470986
9000 334 1.0571549
8800 334.5 0.985413
8600 335 0.9565976
8400 335.5 0.94644856
8200 336 0.93915766
8000 336.5 0.93550456
7800 337 0.92926127
7600 337.5 0.92558885
7400 338 0.9227871
7200 338.5 0.92046523
7000 339 0.9184782
6800 339.5 0.91687536
6600 340 0.9153141
6400 340.5 0.91411406
6200 341 0.9130069
6000 341.5 0.91191775
5800 342 0.9108967
5600 342.5 0.90918434
5400 343 0.9072951
5200 343.5 0.9057939
5000 344 0.9047902
4800 344.5 0.9039291
4600 345 0.91807485
4400 345.5 1.0148158
4200 346 1.0736736
4000 346.5 0.9878364
3800 347 0.9581768
3600 347.5 0.9469637
3400 348 0.938998
3200 348.5 0.9345741
3000 349 0.9313802
2800 349.5 0.9289717
2600 350 0.9268003
2400 350.5 0.92417526
2200 351 0.9207426
2000 351.5 0.9177889
1800 352 0.91596544
1600 352.5 0.91472393
1400 353 0.9271001
1200 353.5 0.975605
1000 354 1.0388792
800 354.5 1.0726812
600 355 0.9998803
400 355.5 0.96788394
200 356 0.95644873
0 356.5 0.9501986
0 357 0.9447508
200 357.5 0.9424795
400 358 0.94106716
600 358.5 0.9397983
800 359 0.9385871
1000 359.5 0.93760175
1200 360 0.93691695
1400 360.5 0.9362519
1600 361 0.9359254
1800 361.5 0.93604606
2000 362 0.9367724
2200 362.5 0.9375295
2400 363 0.9372643
2600 363.5 0.9374304
2800 364 0.93664616
3000 364.5 0.9362189
3200 365 0.936298
3400 365.5 0.93601775
3600 366 0.93559784
3800 366.5 0.9346283
4000 367 0.9338629
4200 367.5 0.9333031
4400 368 0.9326398
4600 368.5 0.9320792
4800 369 0.93141145
5000 369.5 0.93099934
5200 370 0.9307176
5400 370.5 0.9307286
5600 371 0.9311341
5800 371.5 0.93219274
6000 372 0.93327796
6200 372.5 0.9346532
6400 373 0.9366422
6600 373.5 0.9399136
6800 374 0.9444622
7000 374.5 0.9511232
7200 375 0.9560266
7400 375.5 0.95904714
7600 376 0.9604485
7800 376.5 0.96152204
8000 377 0.9622447
8200 377.5 0.9626463
8400 378 0.9641349
8600 378.5 0.9677333
8800 379 0.975616
9000 379.5 0.9890903
9200 380 0.9985829
9400 380.5 1.0110555
9600 381 1.0370852
9800 381.5 1.0742562
10000 382 1.1015906
10000 382.5 1.1130356
9800 383 1.1078218
9600 383.5 1.029838
9400 384 0.97090966
9200 384.5 0.95081824
9000 385 0.9395566
8800 385.5 0.93428624
8600 386 0.9306385
8400 386.5 0.9275403
8200 387 0.9246797
8000 387.5 0.9220971
7800 388 0.9197023
7600 388.5 0.91965836
7400 389 0.9671686
7200 389.5 1.0057178
7000 390 1.0319306
6800 390.5 0.97360766
6600 391 0.9554001
6400 391.5 0.94650006
6200 392 0.94052804
6000 392.5 0.9360729
5800 393 0.93151623
5600 393.5 0.92795074
5400 394 0.9253948
5200 394.5 0.92328954
5000 395 0.93144196
4800 395.5 0.9761663
4600 396 1.0062478
4400 396.5 0.9768489
4200 397 0.956249
4000 397.5 0.9463739
3800 398 0.9404778
3600 398.5 0.9366818
3400 399 0.93396205
3200 399.5 0.9315958
3000 400 0.92964214
2800 400.5 0.9279356
2600 401 0.926324
2400 401.5 0.93594646
2200 402 0.96556896
2000 402.5 0.988885
1800 403 0.979912
1600 403.5 0.95794773
1400 404 0.9480245
1200 404.5 0.9426265
1000 405 0.9377548
800 405.5 0.9336476
600 406 0.93103963
400 406.5 0.9289864
200 407 0.9279292
0 407.5 0.93397325
0 408 0.9532836
200 408.5 0.9738611
400 409 0.9912822
600 409.5 1.0042727
800 410 1.0078435
1000 410.5 1.0006738
1200 411 0.9814628
1400 411.5 0.9644735
1600 412 0.9594942
1800 412.5 0.95931494
2000 413 0.9586741
2200 413.5 0.95440155
2400 414 0.95153314
2600 414.5 0.95021033
2800 415 0.94834995
3000 415.5 0.94656134
3200 416 0.9440823
3400 416.5 0.9416404
3600 417 0.93932736
3800 417.5 0.936831
4000 418 0.93471134
4200 418.5 0.9323817
4400 419 0.9298406
4600 419.5 0.9276182
4800 420 0.9341617
5000 420.5 0.9662091
5200 421 0.9876709
5400 421.5 0.96523154
5600 422 0.9488175
5800 422.5 0.9395693
6000 423 0.93543154
6200 423.5 0.932733
6400 424 0.9313502
6600 424.5 0.9303926
6800 425 0.92941976
7000 425.5 0.92863923
7200 426 0.9281973
7400 426.5 0.92784625
7600 427 0.92819923
7800 427.5 0.92940605
8000 428 0.9312562
8200 428.5 0.9330736
8400 429 0.93486243
8600 429.5 0.93718034
8800 430 0.9403811
9000 430.5 0.94589925
9200 431 0.94906044
9400 431.5 0.9461024
9600 432 0.94127077
9800 432.5 0.9371073
10000 433 0.93387806
10000 433.5 0.93164927
9800 434 0.9304405
9600 434.5 0.92954403
9400 435 0.9290596
9200 435.5 0.92866385
9000 436 0.9277066
8800 436.5 0.9265444
8600 437 0.94644904
8400 437.5 0.98725265
8200 438 0.9713022
8000 438.5 0.94586045
7800 439 0.93669987
7600 439.5 0.9315184
7400 440 0.9294864
7200 440.5 0.93927073
7000 441 0.97485256
6800 441.5 0.9812855
6600 442 0.95084363
6400 442.5 0.93975097
6200 443 0.9339481
6000 443.5 0.930045
5800 444 0.92703176
5600 444.5 0.9495062
5400 445 0.99001366
5200 445.5 0.9863984
5000 446 0.96047854
4800 446.5 0.95015883
4600 447 0.94523567
4400 447.5 0.9418992
4200 448 0.93992966
4000 448.5 0.93803877
3800 449 0.9364196
3600 449.5 0.9349782
3400 450 0.9338612
3200 450.5 0.9340641
3000 451 0.9345729
2800 451.5 0.9352008
2600 452 0.93593717
2400 452.5 0.9365685
2200 453 0.9374218
2000 453.5 0.93756026
1800 454 0.93672526
1600 454.5 0.9358073
1400 455 0.93470156
1200 455.5 0.9336798
1000 456 0.93269056
800 456.5 0.93212044
600 457 0.9316812
400 457.5 0.93110484
200 458 0.9307327
0 458.5 0.93040776
0 459 0.92976326
200 459.5 0.9304449
400 460 0.9465272
600 460.5 0.9691647
800 461 0.97980577
1000 461.5 0.9678561
1200 462 0.95468503
1400 462.5 0.94878405
1600 463 0.943969
1800 463.5 0.9399846
2000 464 0.9370741
2200 464.5 0.93454796
2400 465 0.9324193
2600 465.5 0.9313353
2800 466 0.9394033
3000 466.5 0.9623162
3200 467 0.9694157
3400 467.5 0.9525331
3600 468 0.94405055
3800 468.5 0.9384624
4000 469 0.93524015
4200 469.5 0.93286973
4400 470 0.9361178
4600 470.5 0.94599056
4800 471 0.9660597
5000 471.5 0.9819003
5200 472 0.9897095
5400 472.5 0.9613477
5600 473 0.9472044
5800 473.5 0.9386652
6000 474 0.93359876
6200 474.5 0.929899
6400 475 0.9482889
6600 475.5 0.98852706
6800 476 0.97592413
7000 476.5 0.9537255
7200 477 0.945317
7400 477.5 0.94097316
7600 478 0.9394768
7800 478.5 0.93891305
8000 479 0.93946993
8200 479.5 0.9431382
8400 480 0.9505446
8600 480.5 0.95622313
8800 481 0.9604517
9000 481.5 0.9634703
9200 482 0.95773387
9400 482.5 0.94458646
9600 483 0.9355592
9800 483.5 0.9379279
10000 484 0.94588095
10000 484.5 0.95014346
9800 485 0.94576347
9600 485.5 0.93928367
9400 486 0.9333785
9200 486.5 0.931443
9000 487 0.9623572
8800 487.5 0.98178065
8600 488 0.9893706
8400 488.5 0.9755281
8200 489 0.9558735
8000 489.5 0.9727632
7800 490 0.9903047
7600 490.5 0.9797594
7400 491 0.956041
7200 491.5 0.945981
7000 492 0.9413816
6800 492.5 0.93837667
6600 493 0.93631315
6400 493.5 0.9341166
6200 494 0.930867
6000 494.5 0.94206053
5800 495 0.9810277
5600 495.5 1.0046606
5400 496 1.0053276
5200 496.5 0.9792562
5000 497 0.96166825
4800 497.5 0.9538879
4600 498 0.95011413
4400 498.5 0.94638115
4200 499 0.9434593
4000 499.5 0.9423479
3800 500 0.9414744
3600 500.5 0.94057125
3400 501 0.93909496
3200 501.5 0.93780243
3000 502 0.93628895
2800 502.5 0.9351989
2600 503 0.93418664
2400 503.5 0.9330199
2200 504 0.9322325
2000 504.5 0.9315323
1800 505 0.9315138
1600 505.5 0.9320023
1400 506 0.9324051
1200 506.5 0.93297255
1000 507 0.9331771
800 507.5 0.9327565
600 508 0.9329259
400 508.5 0.93266976
200 509 0.9315909
0 509.5 0.92982674
0 510 0.92914534
200 510.5 0.93357944
400 511 0.94795614
600 511.5 0.96444005
800 512 0.9726028
1000 512.5 0.9591394
1200 513 0.94736606
1400 513.5 0.942157
1600 514 0.9377226
1800 514.5 0.93379575
2000 515 0.9330477
2200 515.5 0.9525273
2400 516 0.9774852
2600 516.5 0.96772796
2800 517 0.95304656
3000 517.5 0.94656426
3200 518 0.9418528
3400 518.5 0.93827385
3600 519 0.9357018
3800 519.5 0.9332364
4000 520 0.93139
4200 520.5 0.9294615
4400 521 0.92786574
4600 521.5 0.9276016
4800 522 0.9702136
5000 522.5 0.9942166
5200 523 1.0083145
5400 523.5 1.0162543
5600 524 1.0123178
5800 524.5 0.9996569
6000 525 0.98027647
6200 525.5 0.96224713
6400 526 0.9359552
6600 526.5 0.9314776
6800 527 0.9312042
7000 527.5 0.9322872
7200 528 0.9376403
7400 528.5 0.95797485
7600 529 0.9838566
7800 529.5 1.003811
8000 530 1.0231593
8200 530.5 1.045287
8400 531 1.0938023
8600 531.5 1.088213
8800 532 1.0400926
9000 532.5 1.0084
9200 533 1.0011427
9400 533.5 1.0044204
9600 534 1.012474
9800 534.5 0.99571127
10000 535 0.9874807
 597.5 
