1 76.5 0.90922433
0.98 77 0.90873146
0.96 77.5 0.90783834
0.94 78 0.90670186
0.92 78.5 0.90581244
0.9 79 0.90504634
0.88 79.5 0.92661744
0.86 80 0.9766033
0.84 80.5 0.9557175
0.82 81 0.93649286
0.8 81.5 0.92831403
0.78 82 0.92307955
0.76 82.5 0.9191437
0.74 83 0.91632897
0.72 83.5 0.91347396
0.7 84 0.91168094
0.68 84.5 0.91000515
0.66 85 0.90857935
0.64 85.5 0.91728795
0.62 86 0.9664733
0.6 86.5 0.9571792
0.58 87 0.93985033
0.56 87.5 0.93187755
0.54 88 0.9268179
0.52 88.5 0.9230073
0.5 89 0.91947865
0.48 89.5 0.9172975
0.46 90 0.91543615
0.44 90.5 0.9137977
0.42 91 0.9124495
0.4 91.5 0.9141146
0.38 92 0.94708824
0.36 92.5 0.9676305
0.34 93 0.9463582
0.32 93.5 0.93653727
0.3 94 0.9310311
0.28 94.5 0.92698807
0.26 95 0.92441744
0.24 95.5 0.9220424
0.22 96 0.92022914
0.2 96.5 0.9190487
0.18 97 0.9192323
0.16 97.5 0.91767955
0.14 98 0.91584116
0.12 98.5 0.94567853
0.1 99 0.9676222
0.08 99.5 0.9512265
0.06 100 0.9397199
0.04 100.5 0.93430626
0.02 101 0.9305528
0 101.5 0.9275552
