0 76.5 0.90922433
0 77 0.90873146
0 77.5 0.90783834
0 78 0.90670186
0 78.5 0.90581244
0 79 0.90504634
0 79.5 0.92661744
0 80 0.9766033
0 80.5 0.9557175
0 81 0.93649286
0 81.5 0.92831403
0 82 0.92307955
0 82.5 0.9191437
0 83 0.91632897
0 83.5 0.91347396
0 84 0.91168094
0 84.5 0.91000515
0 85 0.90857935
0 85.5 0.91728795
0 86 0.9664733
0 86.5 0.9571792
0 87 0.93985033
0 87.5 0.93187755
0 88 0.9268179
0 88.5 0.9230073
0 89 0.91947865
0 89.5 0.9172975
0 90 0.91543615
0 90.5 0.9137977
0 91 0.9124495
0 91.5 0.9141146
0 92 0.94708824
0 92.5 0.9676305
0 93 0.9463582
0 93.5 0.93653727
0 94 0.9310311
0 94.5 0.92698807
0 95 0.92441744
0 95.5 0.9220424
0 96 0.92022914
0 96.5 0.9190487
0 97 0.9192323
0 97.5 0.91767955
0 98 0.91584116
0 98.5 0.94567853
0 99 0.9676222
0 99.5 0.9512265
0 100 0.9397199
0 100.5 0.93430626
0 101 0.9305528
0 101.5 0.9275552
