0 51 0.91885024
0 51.5 0.9187904
0 52 0.91868156
0 52.5 0.9189701
0 53 0.91908705
0 53.5 0.91972136
0 54 0.9203681
0 54.5 0.9201012
0 55 0.920497
0 55.5 0.92043597
0 56 0.920893
0 56.5 0.92117035
0 57 0.92151535
0 57.5 0.9220971
0 58 0.92209834
0 58.5 0.92306197
0 59 0.9242722
0 59.5 0.9251162
0 60 0.9261995
0 60.5 0.92690283
0 61 0.92780596
0 61.5 0.92937994
0 62 0.9304339
0 62.5 0.93220615
0 63 0.9334874
0 63.5 0.9347655
0 64 0.9362267
0 64.5 0.9385002
0 65 0.94143283
0 65.5 0.9462269
0 66 0.9542441
0 66.5 0.96840006
0 67 0.9780184
0 67.5 0.97124434
0 68 0.95458245
0 68.5 0.9301805
0 69 0.9110606
0 69.5 0.90732956
0 70 0.90734226
0 70.5 0.9074287
0 71 0.90764135
0 71.5 0.90778244
0 72 0.9078091
0 72.5 0.90789795
0 73 0.9079255
0 73.5 0.9079914
0 74 0.90803784
0 74.5 0.90812206
0 75 0.9083074
0 75.5 0.90861547
0 76 0.9089612
