0 51 0.9
0.02 51.5 0.9
0.04 52 0.9
0.06 52.5 0.9
0.08 53 0.9
0.1 53.5 0.9
0.12 54 0.9
0.14 54.5 0.9
0.16 55 0.9
0.18 55.5 0.9
0.2 56 0.9
0.22 56.5 0.9
0.24 57 0.9
0.26 57.5 0.9
0.28 58 0.9
0.3 58.5 0.9
0.32 59 0.9
0.34 59.5 0.9
0.36 60 0.9
0.38 60.5 0.9
0.4 61 0.9
0.42 61.5 0.9
0.44 62 0.9
0.46 62.5 0.9
0.48 63 0.9
0.5 63.5 0.9
0.52 64 0.9
0.54 64.5 0.9
0.56 65 0.9
0.58 65.5 0.9
0.6 66 0.9
0.62 66.5 0.9
0.64 67 0.9
0.66 67.5 0.9
0.68 68 0.9
0.7 68.5 0.9
0.72 69 0.9
0.74 69.5 0.9
0.76 70 0.9
0.78 70.5 0.9
0.8 71 0.9
0.82 71.5 0.9
0.84 72 0.9
0.86 72.5 0.9
0.88 73 0.9
0.9 73.5 0.9
0.92 74 0.9
0.94 74.5 0.9
0.96 75 0.9
0.98 75.5 0.9
1 76 0.9
