0 51 0.91885024
200 51.5 0.9187904
400 52 0.91868156
600 52.5 0.9189701
800 53 0.91908705
1000 53.5 0.91972136
1200 54 0.9203681
1400 54.5 0.9201012
1600 55 0.920497
1800 55.5 0.92043597
2000 56 0.920893
2200 56.5 0.92117035
2400 57 0.92151535
2600 57.5 0.9220971
2800 58 0.92209834
3000 58.5 0.92306197
3200 59 0.9242722
3400 59.5 0.9251162
3600 60 0.9261995
3800 60.5 0.92690283
4000 61 0.92780596
4200 61.5 0.92937994
4400 62 0.9304339
4600 62.5 0.93220615
4800 63 0.9334874
5000 63.5 0.9347655
5200 64 0.9362267
5400 64.5 0.9385002
5600 65 0.94143283
5800 65.5 0.9462269
6000 66 0.9542441
6200 66.5 0.96840006
6400 67 0.9780184
6600 67.5 0.97124434
6800 68 0.95458245
7000 68.5 0.9301805
7200 69 0.9110606
7400 69.5 0.90732956
7600 70 0.90734226
7800 70.5 0.9074287
8000 71 0.90764135
8200 71.5 0.90778244
8400 72 0.9078091
8600 72.5 0.90789795
8800 73 0.9079255
9000 73.5 0.9079914
9200 74 0.90803784
9400 74.5 0.90812206
9600 75 0.9083074
9800 75.5 0.90861547
10000 76 0.9089612
10000 76.5 0.90922433
9800 77 0.90873146
9600 77.5 0.90783834
9400 78 0.90670186
9200 78.5 0.90581244
9000 79 0.90504634
8800 79.5 0.92661744
8600 80 0.9766033
8400 80.5 0.9557175
8200 81 0.93649286
8000 81.5 0.92831403
7800 82 0.92307955
7600 82.5 0.9191437
7400 83 0.91632897
7200 83.5 0.91347396
7000 84 0.91168094
6800 84.5 0.91000515
6600 85 0.90857935
6400 85.5 0.91728795
6200 86 0.9664733
6000 86.5 0.9571792
5800 87 0.93985033
5600 87.5 0.93187755
5400 88 0.9268179
5200 88.5 0.9230073
5000 89 0.91947865
4800 89.5 0.9172975
4600 90 0.91543615
4400 90.5 0.9137977
4200 91 0.9124495
4000 91.5 0.9141146
3800 92 0.94708824
3600 92.5 0.9676305
3400 93 0.9463582
3200 93.5 0.93653727
3000 94 0.9310311
2800 94.5 0.92698807
2600 95 0.92441744
2400 95.5 0.9220424
2200 96 0.92022914
2000 96.5 0.9190487
1800 97 0.9192323
1600 97.5 0.91767955
1400 98 0.91584116
1200 98.5 0.94567853
1000 99 0.9676222
800 99.5 0.9512265
600 100 0.9397199
400 100.5 0.93430626
200 101 0.9305528
0 101.5 0.9275552
